CPIW
1985 105.400 106.667 107.333 108.267 106.900
1986 108.433 107.967 108.700 109.200 108.600
1987 110.500 111.967 113.267 114.200 112.500
1988 114.767 116.200 117.800 119.033 117.000
1989 120.233 122.367 123.333 124.400 122.600
1990 126.467 127.700 129.900 132.100 129.000
1991 132.867 133.733 134.700 135.700 134.300
1992 136.467 137.667 138.767 139.733 138.200
1993 140.700 141.833 142.367 143.333 142.100
1994 144.000 145.000 146.400 147.167 145.600
1995 148.267 149.600 150.233 150.933 149.800
1996 152.267 153.900 154.633 155.767 154.100
1997 156.700 157.267 157.867 158.400 157.600
1998 158.533 159.433 160.000 160.667 159.700
1999 161.167 162.767 163.933 165.067 163.200
2000 166.667 168.467 169.700 170.733 168.900
2001 172.233 174.167 174.133 173.533 173.500
2002 173.867 175.833 176.567 177.233 175.900
2003 179.067 179.600 180.300 180.267 179.800
2004 181.900 184.500 185.100 186.433 184.500
2005 187.400 190.100 192.700 193.700 191.000
2006 194.500 198.000 199.067 197.000 197.100
2007 198.905 203.232 203.596 205.335 202.767
2008 207.715 212.903 215.495 208.097 211.053
2009 206.542 209.224 211.001 211.752 209.630
2010 212.879 213.974 214.136 214.878 213.967
2011 217.986 222.406 223.233 222.674 221.575
2012 224.612 226.549 226.936 226.819 226.229
2013 228.173 229.450 230.327 229.347 229.324
2014 231.157 234.120 234.242 231.563 232.771
2015 229.590 232.744 233.278 231.628 231.810
2016 231.414 234.388 235.057 235.446 234.076
2017 237.329 238.618 239.668 240.588 239.051
2018 242.790 245.524 246.352 245.919 245.146
2019 246.373 249.650 250.200 250.663 249.221
2020 251.557 250.030 253.412 253.994 252.248
2021 257.025 263.754 268.421 272.840 265.510
2022 279.472 288.380 291.901 292.183 287.984
2023 294.881 298.502 301.236 301.341 298.990
2024 304.329 308.009 308.729 308.809 307.469
2025 311.437 314.761 317.030 316.973 315.050
2026 319.179 323.022 324.845 324.580 322.907
2027 326.839 330.775 332.641 332.370 330.656
2028 334.683 338.713 340.624 340.347 338.592
2029 342.716 346.842 348.799 348.515 346.718
2030 350.941 355.166 357.171 356.880 355.039
2031 359.364 363.690 365.743 365.445 363.560
2032 367.988 372.419 374.521 374.216 372.286
2033 376.820 381.357 383.509 383.197 381.221
2034 385.864 390.510 392.713 392.393 390.370
CPIW % chg
1985  3.6382  4.0976  3.0740  3.3397  3.4850
1986  2.8463  1.2184  1.3048  0.8310  1.5903
1987  1.9373  3.7037  4.2318  4.5788  3.5912
1988  3.8914  3.7500  3.9718  4.2032  4.0000
1989  4.7038  5.3356  4.6689  4.5378  4.7863
1990  5.2413  4.3301  5.3528  6.1897  5.2202
1991  5.0593  4.6985  3.6952  2.7252  4.1085
1992  2.7088  2.9918  3.0438  2.9477  2.9039
1993  3.0769  2.9775  2.5937  2.5770  2.8220
1994  2.3454  2.2567  2.8090  2.7216  2.4631
1995  2.9861  3.1724  2.5956  2.5136  2.8846
1996  2.6972  2.8743  2.9294  3.2472  2.8705
1997  2.8890  2.2092  2.1345  1.6688  2.2713
1998  1.1487  1.3350  1.3300  1.4520  1.3325
1999  1.7035  2.1330  2.4375  2.7380  2.1916
2000  3.4119  3.5012  3.5387  3.3919  3.4926
2001  3.2993  3.3828  2.5928  1.6403  2.7235
2002  0.9872  0.9185  1.4360  2.1326  1.3833
2003  2.9902  2.1615  2.0951  1.7494  2.2172
2004  1.5634  2.7283  2.6622  3.3833  2.6140
2005  3.0236  3.0352  4.1059  3.9163  3.5230
2006  3.7887  4.1557  3.3212  1.7037  3.1937
2007  2.2648  2.6424  2.2751  4.2310  2.8533
2008  4.4293  4.7586  5.8444  1.3451  4.0865
2009 -0.5647 -1.7280 -2.0854  1.7564 -0.6742
2010  3.0681  2.2703  1.4858  1.4763  2.0689
2011  2.3990  3.9407  4.2482  3.6281  3.5557
2012  3.0396  1.8628  1.6588  1.8615  2.1004
2013  1.5854  1.2805  1.4943  1.1145  1.3681
2014  1.3078  2.0353  1.6998  0.9662  1.5031
2015 -0.6779 -0.5877 -0.4115  0.0281 -0.4129
2016  0.7945  0.7064  0.7626  1.6483  0.9775
2017  2.5560  1.8047  1.9617  2.1839  2.1253
2018  2.3010  2.8942  2.7889  2.2158  2.5499
2019  1.4758  1.6805  1.5620  1.9291  1.6623
2020  2.1041  0.1522  1.2838  1.3289  1.2145
2021  2.1737  5.4889  5.9228  7.4199  5.2572
2022  8.7334  9.3367  8.7475  7.0895  8.4645
2023  5.5136  3.5100  3.1980  3.1343  3.8218
2024  3.2040  3.1849  2.4874  2.4783  2.8359
2025  2.3356  2.1921  2.6888  2.6437  2.4656
2026  2.4859  2.6245  2.4651  2.3999  2.4937
2027  2.3999  2.4001  2.3999  2.4000  2.4000
2028  2.4000  2.3998  2.3999  2.4000  2.3999
2029  2.4002  2.4000  2.4000  2.3999  2.4000
2030  2.3999  2.3999  2.4002  2.4002  2.4000
2031  2.4001  2.4000  2.4000  2.4000  2.4000
2032  2.3998  2.4001  2.4000  2.4001  2.4000
2033  2.4001  2.4000  2.3999  2.4000  2.4000
2034  2.4001  2.4001  2.3999  2.3998  2.4000
Monthly interest rates
1985  11.500  11.125  11.875  11.625  11.375  10.375  10.250  10.625  10.375  10.375  10.125   9.750
1986   9.125   9.250   8.375   7.625   7.625   8.375   7.750   7.750   7.250   7.750   7.625   7.375
1987   7.500   7.375   7.375   7.625   8.375   8.625   8.500   8.750   9.000   9.625   9.000   9.000
1988   8.875   8.250   8.125   8.625   8.875   9.250   8.875   9.125   9.250   8.875   8.625   9.125
1989   9.250   9.000   9.375   9.375   9.125   8.750   8.250   7.875   8.375   8.500   8.000   8.000
1990   8.125   8.500   8.625   8.750   9.125   8.750   8.500   8.375   8.875   8.875   8.625   8.375
1991   8.125   8.125   8.125   8.125   8.125   8.125   8.250   8.250   7.875   7.500   7.500   7.375
1992   6.875   7.250   7.375   7.625   7.625   7.375   7.125   6.750   6.625   6.500   6.875   7.000
1993   6.875   6.500   6.250   6.250   6.125   6.250   5.875   5.875   5.625   5.625   5.625   5.875
1994   6.000   5.750   6.250   6.875   7.125   7.250   7.375   7.125   7.250   7.750   7.875   8.000
1995   8.000   7.750   7.375   7.375   7.250   6.500   6.500   6.625   6.500   6.375   6.250   6.000
1996   5.875   5.875   6.375   6.625   6.875   7.000   6.875   6.875   7.125   6.875   6.500   6.250
1997   6.625   6.625   6.750   7.125   6.875   6.875   6.750   6.250   6.625   6.375   6.125   6.125
1998   6.000   5.750   5.875   6.000   6.000   5.875   5.750   5.750   5.375   4.875   5.125   5.125
1999   5.000   5.000   5.625   5.625   5.625   6.000   6.125   6.250   6.250   6.250   6.250   6.375
2000   6.625   6.750   6.500   6.250   6.375   6.500   6.250   6.125   6.000   6.000   5.875   5.625
2001   5.375   5.375   5.250   5.250   5.500   5.625   5.625   5.250   5.125   4.875   4.500   5.000
2002   5.250   5.250   5.125   5.625   5.250   5.250   5.000   4.750   4.375   3.875   4.125   4.500
2003   4.000   4.125   3.875   4.000   4.000   3.500   3.625   4.500   4.500   4.000   4.375   4.375
2004   4.250   4.125   4.000   3.875   4.500   4.625   4.625   4.500   4.125   4.125   4.125   4.375
2005   4.250   4.125   4.375   4.500   4.250   4.125   4.000   4.375   4.125   4.375   4.625   4.625
2006   4.500   4.625   4.625   5.000   5.125   5.125   5.250   5.000   4.750   4.750   4.625   4.500
2007   4.750   4.875   4.625   4.750   4.625   5.000   5.000   4.750   4.500   4.500   4.500   4.000
2008   4.000   3.500   3.375   3.375   3.750   4.000   3.875   3.875   3.750   3.625   3.750   2.750
2009   2.125   2.750   2.875   2.500   2.875   3.250   3.250   3.250   3.125   3.000   3.125   2.875
2010   3.500   3.125   3.125   3.375   3.250   2.875   2.625   2.500   2.125   2.125   2.125   2.375
2011   2.875   2.875   3.000   3.000   2.875   2.500   2.625   2.250   1.875   1.625   1.750   1.750
2012   1.500   1.500   1.625   1.875   1.625   1.375   1.375   1.250   1.250   1.375   1.375   1.375
2013   1.500   1.625   1.500   1.500   1.375   1.750   2.125   2.125   2.375   2.250   2.125   2.250
2014   2.500   2.250   2.250   2.375   2.375   2.250   2.250   2.375   2.125   2.375   2.125   2.000
2015   2.125   1.625   1.875   1.875   2.000   2.000   2.250   2.125   2.125   2.000   2.125   2.125
2016   2.250   1.875   1.750   1.750   1.750   1.875   1.500   1.500   1.625   1.625   1.875   2.375
2017   2.375   2.375   2.375   2.375   2.250   2.250   2.250   2.250   2.250   2.250   2.375   2.375
2018   2.375   2.750   2.875   2.750   2.875   2.875   2.875   3.000   2.875   3.000   3.125   3.000
2019   2.750   2.625   2.750   2.500   2.500   2.250   2.125   2.125   1.625   1.750   1.750   1.875
2020   2.000   1.625   1.250   0.875   0.750   0.750   0.750   0.625   0.750   0.750   0.875   0.875
2021   0.875   1.125   1.375   1.625   1.500   1.500   1.500   1.250   1.375   1.500   1.625   1.500
2022   1.625   1.875   2.000   2.500   3.000   3.000   3.125   2.875   3.375   4.000   4.250   3.875
2023   4.000   3.625   4.125   3.625   3.625   3.875   4.000   4.125   4.250   4.750   5.000   4.500
2024   4.000   4.125   4.375   4.250   4.750   4.625   4.500   4.125   4.000   3.875   4.375   4.250
2025   4.250   4.250   4.125   4.250   4.125   4.250   4.125   4.250   4.125   4.125   4.125   4.125
2026   4.125   4.125   4.125   4.125   4.125   4.125   4.125   4.125   4.125   4.125   4.125   4.125
2027   4.125   4.125   4.125   4.125   4.125   4.125   4.125   4.125   4.125   4.125   4.125   4.125
2028   4.125   4.125   4.125   4.125   4.125   4.125   4.125   4.125   4.125   4.125   4.125   4.125
2029   4.125   4.125   4.125   4.125   4.125   4.125   4.125   4.125   4.125   4.125   4.125   4.125
2030   4.125   4.125   4.125   4.125   4.125   4.125   4.125   4.125   4.125   4.125   4.125   4.125
2031   4.125   4.125   4.125   4.125   4.125   4.125   4.125   4.125   4.125   4.125   4.125   4.125
2032   4.125   4.125   4.125   4.125   4.125   4.125   4.125   4.125   4.125   4.125   4.125   4.125
2033   4.125   4.125   4.125   4.125   4.125   4.125   4.125   4.125   4.125   4.125   4.125   4.125
2034   4.125   4.125   4.125   4.125   4.125   4.125   4.125   4.125   4.125   4.125   4.250   4.125
Annual interest rates
1985 10.7812  3.4850  8.9820
1986  7.9896  1.5903  9.3331
1987  8.3958  3.5912  4.4000
1988  8.8229  4.0000  4.3962
1989  8.6562  4.7863  4.0380
1990  8.6250  5.2202  3.4436
1991  7.9583  4.1085  4.5169
1992  7.0833  2.9039  5.0657
1993  6.0625  2.8220  4.2664
1994  7.0521  2.4631  3.6026
1995  6.8750  2.8846  4.1715
1996  6.5938  2.8705  4.0076
1997  6.5938  2.2713  4.3327
1998  5.6250  1.3325  5.2993
1999  5.8646  2.1916  3.4372
2000  6.2396  3.4926  2.3750
2001  5.2292  2.7235  3.5176
2002  4.8646  1.3833  3.8608
2003  4.0729  2.2172  2.6478
2004  4.2708  2.6140  1.4622
2005  4.3125  3.5230  0.7664
2006  4.8229  3.1937  1.1292
2007  4.6562  2.8533  1.9715
2008  3.6354  4.0865  0.5995
2009  2.9167 -0.6742  4.3721
2010  2.7604  2.0689  0.8514
2011  2.4167  3.5557 -0.7496
2012  1.4583  2.1004  0.3241
2013  1.8750  1.3681  0.0943
2014  2.2708  1.5031  0.3751
2015  2.0208 -0.4129  2.7078
2016  1.8125  0.9775  1.0433
2017  2.3125  2.1253 -0.2982
2018  2.8646  2.5499 -0.2185
2019  2.2188  1.6623  1.2028
2020  0.9896  1.2145  1.0044
2021  1.3958  5.2572 -4.0521
2022  2.9583  8.4645 -6.5125
2023  4.1250  3.8218 -0.8106
2024  4.2708  2.8359  1.2949
2025  4.1771  2.4656  1.8063
2026  4.1250  2.4937  1.6850
2027  4.1250  2.4000  1.7261
2028  4.1250  2.3999  1.7262
2029  4.1250  2.4000  1.7261
2030  4.1250  2.4000  1.7261
2031  4.1250  2.4000  1.7261
2032  4.1250  2.4000  1.7261
2033  4.1250  2.4000  1.7261
2034  4.1354  2.4000  1.7261
2035  4.2500  2.4000  1.7365
2036  4.3646  2.4000  1.8507
2037  4.4583  2.4000  1.9650
2038  4.5208  2.4000  2.0586
2039  4.5729  2.4000  2.1210
2040  4.6354  2.4000  2.1730
2041  4.6771  2.4000  2.2355
2042  4.7083  2.4000  2.2771
2043  4.6979  2.4000  2.3084
2044  4.7000  2.4000  2.2979
2045  4.7000  2.4000  2.3000
2046  4.7000  2.4000  2.3000
2047  4.7000  2.4000  2.3000
2048  4.7000  2.4000  2.3000
2049  4.7000  2.4000  2.3000
2050  4.7000  2.4000  2.3000
2051  4.7000  2.4000  2.3000
2052  4.7000  2.4000  2.3000
2053  4.7000  2.4000  2.3000
2054  4.7000  2.4000  2.3000
2055  4.7000  2.4000  2.3000
2056  4.7000  2.4000  2.3000
2057  4.7000  2.4000  2.3000
2058  4.7000  2.4000  2.3000
2059  4.7000  2.4000  2.3000
2060  4.7000  2.4000  2.3000
2061  4.7000  2.4000  2.3000
2062  4.7000  2.4000  2.3000
2063  4.7000  2.4000  2.3000
2064  4.7000  2.4000  2.3000
2065  4.7000  2.4000  2.3000
2066  4.7000  2.4000  2.3000
2067  4.7000  2.4000  2.3000
2068  4.7000  2.4000  2.3000
2069  4.7000  2.4000  2.3000
2070  4.7000  2.4000  2.3000
2071  4.7000  2.4000  2.3000
2072  4.7000  2.4000  2.3000
2073  4.7000  2.4000  2.3000
2074  4.7000  2.4000  2.3000
2075  4.7000  2.4000  2.3000
2076  4.7000  2.4000  2.3000
2077  4.7000  2.4000  2.3000
2078  4.7000  2.4000  2.3000
2079  4.7000  2.4000  2.3000
2080  4.7000  2.4000  2.3000
2081  4.7000  2.4000  2.3000
2082  4.7000  2.4000  2.3000
2083  4.7000  2.4000  2.3000
2084  4.7000  2.4000  2.3000
2085  4.7000  2.4000  2.3000
2086  4.7000  2.4000  2.3000
2087  4.7000  2.4000  2.3000
2088  4.7000  2.4000  2.3000
2089  4.7000  2.4000  2.3000
2090  4.7000  2.4000  2.3000
2091  4.7000  2.4000  2.3000
2092  4.7000  2.4000  2.3000
2093  4.7000  2.4000  2.3000
2094  4.7000  2.4000  2.3000
2095  4.7000  2.4000  2.3000
2096  4.7000  2.4000  2.3000
2097  4.7000  2.4000  2.3000
2098  4.7000  2.4000  2.3000
2099  4.7000  2.4000  2.3000
Male part. rates
1985   76.82   57.93   86.09   94.87   95.13   91.07   67.95   24.44   10.54    2.71
1986   76.81   57.41   86.86   94.78   94.88   91.02   67.30   25.02   10.42    2.99
1987   76.72   57.13   86.30   94.75   94.70   90.77   67.60   25.79   10.54    4.06
1988   76.71   57.93   86.09   94.49   94.60   90.91   67.03   25.82   10.92    2.06
1989   76.92   58.78   86.26   94.63   94.59   91.12   67.25   26.15   10.89    3.22
1990   76.87   56.70   85.39   94.35   94.47   90.77   67.80   26.00   10.73    3.03
1991   76.28   54.07   84.54   93.88   94.21   90.55   67.00   25.09   10.46    3.38
1992   76.27   54.12   84.24   94.00   93.78   90.75   67.04   25.97   10.68    2.55
1993   75.84   53.92   84.10   93.61   93.49   90.09   66.54   25.42   10.32    1.16
1994   75.44   54.82   83.90   92.78   92.86   89.14   65.46   26.78   11.72   10.12
1995   75.35   55.34   83.90   93.18   92.37   88.86   65.98   26.96   11.58    4.62
1996   75.28   53.77   83.29   93.36   92.47   89.14   66.95   27.51   11.51    2.99
1997   75.30   52.87   83.28   93.15   92.64   89.51   67.61   28.39   11.63    2.99
1998   75.21   53.84   82.74   93.36   92.71   89.23   68.12   27.97   11.13    5.40
1999   75.04   53.46   82.66   93.44   92.87   88.82   67.93   28.45   11.74    4.79
2000   75.11   53.41   83.32   93.53   92.76   88.61   67.31   30.33   12.04    3.91
2001   74.77   50.93   82.32   92.92   92.63   88.55   68.27   30.23   12.13    4.35
2002   74.42   48.17   81.47   92.60   92.24   88.50   69.25   32.24   11.45    4.04
2003   73.86   44.92   80.93   92.06   92.21   87.75   68.74   32.84   12.26    3.72
2004   73.67   44.58   80.43   92.11   92.04   87.51   68.74   32.59   12.83    3.41
2005   73.64   43.72   79.93   91.91   92.15   87.73   69.27   33.57   13.51    4.82
2006   73.77   44.18   80.45   91.88   92.15   88.10   69.63   34.40   13.88    3.93
2007   73.54   41.70   79.51   92.36   92.38   88.24   69.65   34.29   14.03   16.75
2008   73.30   40.65   79.58   91.77   92.38   88.05   70.40   35.58   14.60   18.72
2009   72.33   37.92   77.24   90.59   91.86   87.52   70.29   36.27   14.80    5.30
2010   71.52   35.44   75.52   89.91   91.57   86.87   70.01   36.51   14.69    5.28
2011   70.82   34.27   75.64   89.47   91.10   86.20   69.36   37.42   15.38    5.43
2012   70.49   34.41   75.36   89.77   90.83   86.11   69.95   37.11   16.21    5.90
2013   70.06   34.73   74.74   89.44   90.86   85.61   69.95   37.23   15.90    6.02
2014   69.53   33.98   74.76   88.93   90.63   85.58   69.90   36.10   15.68    6.45
2015   69.36   34.80   73.86   89.06   90.41   85.90   69.81   36.77   15.80    6.60
2016   69.49   35.89   73.84   89.03   90.75   86.35   70.16   36.91   16.51    6.80
2017   69.37   35.21   74.90   89.02   90.80   86.48   70.59   37.27   16.51    6.85
2018   69.35   34.89   74.05   89.33   91.02   87.00   71.25   37.57   16.85    7.18
2019   69.45   35.52   74.79   89.33   90.93   87.46   71.54   39.41   17.09    6.98
2020   67.97   34.88   72.03   87.40   89.84   86.86   70.76   38.64   16.34    6.92
2021   67.89   36.51   73.87   87.95   89.71   86.59   70.41   37.87   15.90    6.72
2022   68.25   36.85   74.07   88.95   89.82   87.14   71.02   38.74   15.87    6.48
2023   68.39   37.01   73.28   89.54   90.33   87.77   71.63   38.10   15.64    6.55
2024   68.21   36.88   73.56   89.62   90.86   88.13   71.51   37.92   16.07    6.89
2025   67.69   36.39   71.95   88.14   90.17   87.67   71.77   38.96   16.55    6.84
2026   67.76   36.45   72.22   88.50   90.36   87.80   72.05   39.98   16.87    7.59
2027   67.80   36.43   72.53   88.88   90.53   87.86   72.15   40.88   17.12    8.35
2028   67.82   36.36   72.76   89.19   90.66   87.92   72.25   41.62   17.25    8.87
2029   67.89   36.32   73.02   89.50   90.80   88.00   72.44   42.54   17.40    9.33
2030   67.79   36.29   73.10   89.61   90.85   87.99   72.47   42.73   17.45    9.27
2031   67.63   36.27   73.10   89.59   90.83   87.91   72.38   42.78   17.43    8.95
2032   67.51   36.30   73.12   89.57   90.81   87.83   72.34   43.10   17.38    8.99
2033   67.40   36.41   73.14   89.56   90.81   87.76   72.32   43.04   17.36    9.03
2034   67.29   36.52   73.15   89.51   90.77   87.71   72.30   43.01   17.31    8.92
Female part. rates
1985   54.56   52.23   72.09   70.98   71.79   64.40   41.98   13.50    4.29    0.71
1986   55.40   53.08   72.64   71.75   73.14   65.94   42.31   14.33    4.13    0.79
1987   56.08   53.40   73.27   72.53   74.53   67.12   42.68   14.30    4.12    0.88
1988   56.68   53.73   72.97   72.85   75.19   68.96   43.47   15.39    4.37    1.71
1989   57.49   54.08   72.65   73.62   76.03   70.48   45.07   16.34    4.55    1.25
1990   57.62   51.68   71.55   73.58   76.44   71.21   45.23   16.98    4.74    1.34
1991   57.48   50.08   70.35   73.20   76.59   71.97   45.19   16.95    4.74    0.84
1992   57.92   49.16   71.12   73.99   76.77   72.64   46.50   16.22    4.83    0.39
1993   58.00   49.81   71.14   73.51   76.61   73.50   47.19   16.08    4.75    0.62
1994   58.88   51.41   71.26   74.08   77.12   74.57   48.87   17.95    5.49    3.74
1995   59.02   52.32   70.56   75.03   77.23   74.40   49.23   17.55    5.29    0.58
1996   59.35   51.46   71.54   75.32   77.58   75.38   49.60   17.18    5.18    1.25
1997   59.88   51.10   72.91   76.13   77.79   76.04   50.90   17.60    5.08    1.52
1998   59.93   52.38   73.21   76.40   77.12   76.18   51.19   17.84    5.17    1.67
1999   60.12   51.16   73.45   76.47   77.26   76.69   51.47   18.39    5.50    0.94
2000   60.02   51.34   73.25   76.18   77.26   76.80   51.88   19.52    5.76    0.89
2001   59.88   49.16   72.98   75.64   77.14   76.43   53.17   19.99    5.86    1.56
2002   59.70   47.51   72.35   75.21   76.48   76.00   55.16   20.75    5.99    1.72
2003   59.58   44.94   70.98   74.19   76.04   76.77   56.63   22.68    6.39    1.89
2004   59.24   43.89   70.70   73.69   75.68   76.47   56.35   23.34    6.74    2.05
2005   59.33   44.31   70.30   74.03   75.79   75.98   57.05   23.74    7.08    2.17
2006   59.44   43.75   69.67   74.51   75.91   76.02   58.20   24.21    7.09    1.39
2007   59.39   41.63   70.38   74.61   75.55   76.01   58.35   25.67    7.65    5.84
2008   59.55   40.32   70.19   75.29   76.19   76.08   59.14   26.44    8.06    7.16
2009   59.28   37.73   69.85   75.12   75.93   76.03   59.96   26.63    8.34    2.42
2010   58.71   35.16   68.50   74.80   75.23   75.75   60.20   26.97    8.32    2.40
2011   58.19   34.66   67.99   73.99   74.73   75.39   59.52   27.35    8.37    2.43
2012   57.76   34.74   67.61   74.18   74.84   74.67   59.45   27.60    8.47    2.20
2013   57.29   34.84   67.73   73.60   74.06   74.14   59.20   27.60    9.07    2.70
2014   57.05   34.65   67.94   73.96   74.18   73.84   58.80   27.50    9.25    2.79
2015   56.75   34.50   68.50   73.49   74.32   73.45   58.49   27.92    9.17    2.82
2016   56.87   35.25   68.20   74.59   74.59   73.93   58.43   28.00    9.34    2.69
2017   57.11   35.96   68.73   75.59   75.00   74.48   58.90   27.93    9.77    3.00
2018   57.15   36.15   69.18   76.01   75.14   74.87   59.12   28.89    9.89    3.20
2019   57.50   35.84   70.56   76.77   75.76   75.70   59.60   29.82   10.31    3.44
2020   56.28   35.21   67.78   75.79   75.03   74.68   59.05   28.01   10.18    3.46
2021   56.17   36.71   68.79   76.29   74.68   75.05   59.16   27.70    9.47    3.15
2022   56.86   37.30   68.91   77.73   76.30   75.25   59.56   28.41    9.47    2.83
2023   57.40   37.50   70.30   78.28   77.48   76.51   60.23   29.06   10.08    3.12
2024   57.65   37.55   70.02   78.25   78.83   77.04   60.27   29.53   10.57    3.32
2025   57.21   37.36   68.05   76.75   78.11   76.76   60.68   30.28   11.18    3.69
2026   57.22   37.12   67.99   76.92   77.72   77.08   61.67   30.71   11.57    4.21
2027   57.22   36.76   68.00   77.11   77.38   77.34   62.44   31.29   11.91    4.73
2028   57.23   36.40   68.04   77.26   77.13   77.57   63.08   32.03   12.14    5.06
2029   57.26   36.06   68.08   77.43   76.90   77.75   63.90   32.84   12.31    5.33
2030   57.22   35.92   68.11   77.48   76.76   77.79   64.48   33.49   12.38    5.40
2031   57.13   35.91   68.12   77.48   76.65   77.73   64.78   34.07   12.38    5.37
2032   57.07   35.94   68.13   77.48   76.55   77.74   64.99   34.61   12.40    5.42
2033   57.02   36.07   68.14   77.47   76.45   77.74   65.15   35.11   12.43    5.42
2034   56.96   36.19   68.13   77.41   76.33   77.71   65.42   35.59   12.45    5.44
Ben inc, AWI, wkrs etc
1985       3.1 16,822.51       4.3    39,600    39,600   120,438   122,187   117,701     3,153     3,148
1986       1.3 17,321.82       3.0    42,000    42,000   122,932   124,936   120,090     3,205     3,202
1987       4.2 18,426.51       6.4    43,800    43,800   125,969   128,624   122,110     3,226     3,222
1988       4.0 19,334.04       4.9    45,000    45,000   129,763   132,553   123,895     3,197     3,192
1989       4.7 20,099.55       4.0    48,000    48,000   132,010   134,905   126,058     3,214     3,209
1990       5.4 21,027.98       4.6    51,300    51,300   133,005   136,068   128,024     3,196     3,192
1991       3.7 21,811.60       3.7    53,400   125,000   132,418   135,160   128,470     3,262     3,303
1992       3.0 22,935.42       5.2    55,500   130,200   133,344   136,131   130,065     2,950     2,987
1993       2.6 23,132.67       0.9    57,600   135,000   135,539   138,329   131,002     2,677     2,710
1994       2.8 23,753.53       2.7    60,600       N/A   138,533   141,421   132,769     2,600     2,634
1995       2.6 24,705.66       4.0    61,200       N/A   140,800   143,740   133,938     2,470     2,505
1996       2.9 25,913.90       4.9    62,700       N/A   143,251   146,203   135,507     2,396     2,432
1997       2.1 27,426.00       5.8    65,400       N/A   146,101   149,143   137,812     2,340     2,375
1998       1.3 28,861.44       5.2    68,400       N/A   149,077   152,179   139,168     2,285     2,318
1999       2.5 30,469.84       5.6    72,600       N/A   151,805   155,017   140,837     2,305     2,339
2000       3.5 32,154.82       5.5    76,200       N/A   154,707   157,956   144,040     2,307     2,341
2001       2.6 32,921.92       2.4    80,400       N/A   155,129   158,571   145,241     2,382     2,418
2002       1.4 33,252.09       1.0    84,900       N/A   154,563   158,175   146,411         0         0
2003       2.1 34,064.95       2.4    87,000       N/A   154,789   158,476   148,175         0         0
2004       2.7 35,648.55       4.6    87,900       N/A   156,582   160,267   149,061         0         0
2005       4.1 36,952.94       3.7    90,000       N/A   159,035   162,778   150,931         0         0
2006       3.3 38,651.41       4.6    94,200       N/A   161,572   165,342   152,995         0         0
2007       2.3 40,405.48       4.5    97,500       N/A   163,331   167,176   154,698         0         0
2008       5.8 41,334.97       2.3   102,000       N/A   162,693   166,642   155,919         0         0
2009       0.0 40,711.61      -1.5   106,800       N/A   157,684   161,744   155,836         0         0
2010       0.0 41,673.83       2.4   106,800       N/A   157,054   161,102   155,534         0         0
2011       3.6 42,979.61       3.1   106,800       N/A   158,591   162,559   155,250         0         0
2012       1.7 44,321.67       3.1   110,100       N/A   160,743   164,648   156,553         0         0
2013       1.5 44,888.16       1.3   113,700       N/A   163,056   166,947   156,939         0         0
2014       1.7 46,481.52       3.5   117,000       N/A   165,416   169,307   157,416         0         0
2015       0.0 48,098.63       3.5   118,500       N/A   168,123   172,024   158,576         0         0
2016       0.3 48,642.15       1.1   118,500       N/A   170,614   174,544   160,608         0         0
2017       2.0 50,321.89       3.5   127,200       N/A   172,692   176,651   161,731         0         0
2018       2.8 52,145.80       3.6   128,400       N/A   175,102   179,065   163,501         0         0
2019       1.6 54,099.99       3.7   132,900       N/A   177,024   180,992   164,959         0         0
2020       1.3 55,628.60       2.8   137,700       N/A   175,244   179,240   162,148         0         0
2021       5.9 60,575.07       8.9   142,800       N/A   176,995   180,857   162,588         0         0
2022       8.7 63,795.13       5.3   147,000       N/A   181,099   184,964   165,633         0         0
2023       3.2 66,621.80       4.4   160,200       N/A   182,689   186,620   168,436         0         0
2024       2.5 69,472.44       4.3   168,600       N/A   183,936   187,915   169,541         0         0
2025       2.7 72,255.52       4.0   176,100       N/A   185,251   189,267   171,728         0         0
2026       2.5 75,264.81       4.2   183,600       N/A   186,304   190,348   173,318         0         0
2027       2.4 78,304.32       4.0   190,800       N/A   187,125   191,194   174,622         0         0
2028       2.4 81,522.64       4.1   198,900       N/A   187,903   191,999   175,801         0         0
2029       2.4 84,736.18       3.9   207,000       N/A   188,738   192,867   177,050         0         0
2030       2.4 88,030.45       3.9   215,400       N/A   189,406   193,559   177,953         0         0
2031       2.4 91,479.46       3.9   223,800       N/A   189,958   194,132   178,670         0         0
2032       2.4 95,090.94       3.9   232,500       N/A   190,509   194,702   179,411         0         0
2033       2.4 98,856.61       4.0   241,800       N/A   190,994   195,206   180,105         0         0
2034       2.4102,670.10       3.9   251,100       N/A   191,387   195,615   180,700         0         0
Avg cov wages etc
1985  15,834.30       4.9 16,107.45       4.8   106.900       3.5       1.5       4.2       7.2       7.0       7.4      10.8       9.0
1986  16,607.09       4.9 16,856.92       4.7   108.600       1.6       3.3       3.5       7.0       6.9       7.1       8.0       9.3
1987  17,336.59       4.4 17,640.08       4.6   112.500       3.6       0.8       3.5       6.2       6.2       6.2       8.4       4.4
1988  18,263.88       5.3 18,497.61       4.9   117.000       4.0       1.3       4.2       5.5       5.5       5.5       8.8       4.4
1989  19,002.64       4.0 19,224.67       3.9   122.600       4.8      -0.7       3.7       5.3       5.2       5.4       8.7       4.0
1990  20,011.70       5.3 20,213.40       5.1   129.000       5.2       0.1       1.9       5.6       5.7       5.5       8.6       3.4
1991  20,588.46       2.9 20,868.15       3.2   134.300       4.1      -1.2      -0.1       6.8       7.2       6.4       8.0       4.5
1992  21,599.96       4.9 21,916.63       5.0   138.200       2.9       2.0       3.5       7.5       7.9       7.0       7.1       5.1
1993  22,021.83       2.0 22,336.01       1.9   142.100       2.8      -0.9       2.8       6.9       7.2       6.6       6.1       4.3
1994  22,759.77       3.4 23,095.85       3.4   145.600       2.5       0.9       4.0       6.1       6.1       6.0       7.1       3.6
1995  23,817.42       4.6 24,158.69       4.6   149.800       2.9       1.8       2.7       5.6       5.6       5.6       6.9       4.2
1996  24,761.70       4.0 25,110.54       3.9   154.100       2.9       1.1       3.8       5.4       5.4       5.4       6.6       4.0
1997  26,153.03       5.6 26,499.66       5.5   157.600       2.3       3.3       4.4       4.9       4.9       5.0       6.6       4.3
1998  27,737.27       6.1 28,075.44       5.9   159.700       1.3       4.7       4.5       4.5       4.4       4.6       5.6       5.3
1999  29,079.81       4.8 29,435.57       4.8   163.200       2.2       2.6       4.8       4.2       4.1       4.3       5.9       3.4
2000  30,847.50       6.1 31,202.05       6.0   168.900       3.5       2.6       4.1       4.0       3.9       4.1       6.2       2.4
2001  31,440.80       1.9 31,830.19       2.0   173.500       2.7      -0.8       1.0       4.7       4.8       4.7       5.2       3.5
2002  31,656.73       0.7 32,067.59       0.7   175.900       1.4      -0.7       1.7       5.8       5.9       5.6       4.9       3.9
2003  32,443.95       2.5 32,869.59       2.5   179.800       2.2       0.3       2.8       6.0       6.3       5.7       4.1       2.6
2004  33,966.30       4.7 34,395.08       4.6   184.500       2.6       2.1       3.8       5.5       5.6       5.4       4.3       1.5
2005  35,220.84       3.7 35,640.10       3.6   191.000       3.5       0.2       3.5       5.1       5.1       5.1       4.3       0.8
2006  36,883.87       4.7 37,307.49       4.7   197.100       3.2       1.5       2.8       4.6       4.6       4.6       4.8       1.1
2007  38,543.80       4.5 38,984.00       4.5   202.767       2.9       1.6       2.0       4.6       4.7       4.5       4.7       2.0
2008  39,475.74       2.4 39,936.29       2.4   211.053       4.1      -1.7       0.1       5.8       6.1       5.4       3.6       0.6
2009  38,859.51      -1.6 39,354.99      -1.5   209.630      -0.7      -0.9      -2.6       9.3      10.3       8.1       2.9       4.4
2010  39,867.03       2.6 40,335.54       2.5   213.967       2.1       0.5       2.7       9.6      10.5       8.6       2.8       0.9
2011  41,121.81       3.1 41,562.37       3.0   221.575       3.6      -0.4       1.6       8.9       9.4       8.5       2.4      -0.7
2012  42,491.58       3.3 42,904.37       3.2   226.229       2.1       1.2       2.3       8.1       8.2       7.9       1.5       0.3
2013  43,014.55       1.2 43,425.75       1.2   229.324       1.4      -0.1       2.1       7.4       7.6       7.1       1.9       0.1
2014  44,564.82       3.6 44,974.80       3.6   232.771       1.5       2.1       2.5       6.2       6.3       6.0       2.3       0.4
2015  46,074.67       3.4 46,502.20       3.4   231.810      -0.4       3.8       2.9       5.3       5.4       5.2       2.0       2.7
2016  46,675.87       1.3 47,118.39       1.3   234.076       1.0       0.3       1.8       4.9       4.9       4.8       1.8       1.0
2017  48,302.61       3.5 48,737.78       3.4   239.051       2.1       1.4       2.5       4.4       4.4       4.3       2.3      -0.3
2018  50,070.76       3.7 50,510.68       3.6   245.146       2.5       1.1       3.0       3.9       3.9       3.8       2.9      -0.2
2019  51,902.90       3.7 52,378.39       3.7   249.221       1.7       2.0       2.6       3.7       3.7       3.6       2.2       1.2
2020  53,350.99       2.8 53,832.59       2.8   252.248       1.2       1.6      -2.2       8.1       7.8       8.4       1.0       1.0
2021  58,167.64       9.0 58,661.96       9.0   265.510       5.3       3.8       6.1       5.3       5.5       5.2       1.4      -4.1
2022  61,264.79       5.3 61,863.55       5.5   287.984       8.5      -3.1       2.5       3.6       3.7       3.6       3.0      -6.5
2023  64,393.51       5.1 64,881.19       4.9   298.990       3.8       1.3       2.9       3.6       3.8       3.5       4.1      -0.8
2024  67,107.56       4.2 67,655.43       4.3   307.469       2.8       1.4       2.8       4.1       4.1       3.9       4.3       1.3
2025  69,773.73       4.0 70,362.44       4.0   315.050       2.5       1.5       2.3       4.4       4.5       4.3       4.2       1.8
2026  72,658.19       4.1 73,290.16       4.2   322.907       2.5       1.6       2.1       4.5       4.6       4.4       4.1       1.7
2027  75,587.13       4.0 76,248.00       4.0   330.656       2.4       1.6       2.0       4.5       4.6       4.4       4.1       1.7
2028  78,696.60       4.1 79,381.39       4.1   338.592       2.4       1.7       2.1       4.5       4.6       4.4       4.1       1.7
2029  81,797.68       3.9 82,509.57       3.9   346.718       2.4       1.5       2.1       4.5       4.5       4.4       4.1       1.7
2030  84,975.51       3.9 85,716.86       3.9   355.039       2.4       1.5       2.0       4.5       4.5       4.4       4.1       1.7
2031  88,313.07       3.9 89,082.42       3.9   363.560       2.4       1.5       2.0       4.5       4.5       4.4       4.1       1.7
2032  91,801.19       3.9 92,601.96       4.0   372.286       2.4       1.5       2.0       4.5       4.5       4.4       4.1       1.7
2033  95,438.45       4.0 96,273.07       4.0   381.221       2.4       1.6       2.0       4.5       4.5       4.4       4.1       1.7
2034  99,114.68       3.9 99,986.93       3.9   390.370       2.4       1.5       1.9       4.5       4.5       4.4       4.1       1.7
