  0.88333  0.90333  0.92900  0.94133  0.94833  0.96267  0.98167  0.98333
  0.98200  0.99433  1.00533  1.01200  1.01733  1.02467  1.04067  1.04767
  1.05400  1.06667  1.07333  1.08267  1.08433  1.07967  1.08700  1.09200
  1.10500  1.11967  1.13267  1.14200  1.14767  1.16200  1.17800  1.19033
  1.20233  1.22367  1.23333  1.24400  1.26467  1.27700  1.29900  1.32100
  1.32867  1.33733  1.34700  1.35700  1.36467  1.37667  1.38767  1.39733
  1.40700  1.41833  1.42367  1.43333  1.44000  1.45000  1.46400  1.47167
  1.48267  1.49600  1.50233  1.50933  1.52267  1.53900  1.54633  1.55767
  1.56700  1.57267  1.57867  1.58400  1.58533  1.59433  1.60000  1.60667
  1.61167  1.62767  1.63933  1.65067  1.66667  1.68467  1.69700  1.70733
  1.72233  1.74167  1.74133  1.73533  1.73867  1.75833  1.76567  1.77233
  1.79067  1.79600  1.80300  1.80267  1.81900  1.84500  1.85100  1.86433
  1.87400  1.90100  1.92700  1.93700  1.94500  1.98000  1.99067  1.97000
  1.98905  2.03232  2.03596  2.05335  2.07715  2.12903  2.15495  2.08097
  2.06542  2.09224  2.11001  2.11752  2.12879  2.13974  2.14136  2.14878
  2.17986  2.22406  2.23233  2.22674  2.24612  2.26549  2.26936  2.26819
  2.28173  2.29450  2.30327  2.29347  2.31157  2.34120  2.34242  2.31563
  2.29590  2.32744  2.33278  2.31628  2.31414  2.34388  2.35057  2.35446
  2.37329  2.38618  2.39668  2.40588  2.42790  2.45524  2.46352  2.45919
  2.46373  2.49650  2.50200  2.50663  2.51557  2.50030  2.53412  2.53994
  2.57025  2.63754  2.68421  2.72840  2.79472  2.88380  2.91901  2.92183
  2.94881  2.98502  3.01236  3.01341  3.04329  3.08009  3.08729  3.08809
  3.11437  3.14761  3.17030  3.16973  3.19179  3.23022  3.24845  3.24580
  3.26839  3.30775  3.32641  3.32370  3.34683  3.38713  3.40624  3.40347
  3.42716  3.46842  3.48799  3.48515  3.50941  3.55166  3.57171  3.56880
  3.59364  3.63690  3.65743  3.65445  3.67988  3.72419  3.74521  3.74216
  3.76820  3.81357  3.83509  3.83197  3.85864  3.90510  3.92713  3.92393
  3.95124  3.99882  4.02138  4.01811
    13773.10    14531.34    15239.24    16135.07    16822.51    17321.82
    18426.51    19334.04    20099.55    21027.98    21811.60    22935.42
    23132.67    23753.53    24705.66    25913.90    27426.00    28861.44
    30469.84    32154.82    32921.92    33252.09    34064.95    35648.55
    36952.94    38651.41    40405.48    41334.97    40711.61    41673.83
    42979.61    44321.67    44888.16    46481.52    48098.63    48642.15
    50321.89    52145.80    54099.99    55628.60    60575.07    63795.13
    66621.80    69472.44    72255.52    75264.81    78304.32    81522.64
    84736.18    88030.45    91479.46    95090.94    98856.61   102670.10
   106494.41   110382.54   114421.90   118616.20   122981.73   127479.70
   132110.84   136899.00   141834.11   146908.25   152129.95   157512.41
   163082.20   168837.13   174786.94   180927.92   187288.74   193867.37
   200667.63   207695.42   214968.38   222499.66   230310.74   238415.45
   246817.41   255531.48   264570.05   273946.58   283666.34   293741.43
   304175.68   314983.74   326189.61   337787.15   349799.52   362245.73
   375122.23   388442.86   402229.08   416524.92   431340.48   446691.14
   462594.52   479052.69   496088.36   513717.41   531988.62   550916.25
   570529.51   590865.42   611929.46
    13773.10    14531.34    15239.24    16135.07    16822.51    17321.82
    18426.51    19702.57    20486.23    21341.82    22137.14    23277.73
    23477.92    24108.05    25074.39    26300.66    27835.33    29292.19
    30924.60    32634.73    33413.28    33748.37    34573.36    36180.60
    37504.46    39228.28    41008.53    41951.89    41319.23    42295.81
    43621.08    44983.17    45558.11    47175.25    48816.50    49368.13
    51072.94    52924.07    54907.43    56458.85    61479.14    64747.26
    67616.12    70509.31    73333.92    76388.13    79473.00    82739.36
    86000.85    89344.30    92844.77    96510.16   100332.03   104202.44
   108083.83
   12695.238   13554.177   14151.131   15088.832   15834.295   16607.092
   17336.588   18263.884   19002.642   20011.701   20588.464   21599.961
   22021.829   22759.772   23817.422   24761.698   26153.032   27737.272
   29079.807   30847.496   31440.798   31656.730   32443.955   33966.302
   35220.845   36883.867   38543.798   39475.737   38859.511   39867.035
   41121.811   42491.583   43014.549   44564.821   46074.665   46675.865
   48302.609   50070.759   51902.897   53350.991   58167.641   61264.788
   64393.514   67107.560   69773.732   72658.187   75587.134   78696.598
   81797.676   84975.512   88313.071   91801.188   95438.452   99114.682
  102804.102  106557.920  110456.318  114503.325  118714.562  123051.266
  127514.992  132127.719  136884.178  141773.796  146804.269  151990.465
  157360.189  162908.572  168645.074  174564.633  180698.331  187036.483
  193586.214  200353.013  207353.923  214604.820  222129.925  229942.580
  238038.252  246435.025  255145.129  264181.303  273548.473  283258.825
  293315.394  303731.435  314532.087  325710.277  337288.283  349285.806
  361697.500  374537.309  387826.294  401607.813  415890.166  430688.307
  446019.734  461885.997  478308.596  495302.467  512916.048  531162.521
  550068.984  569672.738  589979.072
         0         0     61089      3091      3153      3205      3226
      3197      3214      3196      3262      2950      2677      2600
      2470      2396      2340      2285      2305      2307      2382
         0         0         0         0         0         0         0
         0         0         0         0         0         0         0
         0         0         0         0         0         0         0
         0         0         0         0         0         0         0
         0         0         0         0         0         0
    7441.5    7307.3    7642.3    8195.3    8537.0    8832.6    9137.7
    9519.4    9869.0   10055.1   10044.2   10398.0   10684.2   11114.6
   11413.0   11843.6   12370.3   12924.9   13543.8   14096.0   14230.7
   14472.7   14877.3   15449.8   15988.0   16433.1   16762.4   16781.5
   16349.1   16789.8   17052.4   17442.8   17812.2   18261.7   18799.6
   19141.7   19612.1   20193.9   20715.7   20267.6   21494.8   22034.8
   22671.1   23296.1   23827.5   24320.2   24809.8   25339.0   25876.3
   26394.5   26920.6   27460.7   28004.4   28542.6   29085.9
       7.6       9.7       9.6       7.5       7.2       7.0       6.2
       5.5       5.3       5.6       6.9       7.5       6.9       6.1
       5.6       5.4       4.9       4.5       4.2       4.0       4.7
       5.8       6.0       5.5       5.1       4.6       4.6       5.8
       9.3       9.6       8.9       8.1       7.4       6.2       5.3
       4.9       4.4       3.9       3.7       8.1       5.4       3.6
       3.6       4.1       4.4       4.5       4.5       4.5       4.5
       4.5       4.5       4.5       4.5       4.5       4.4
       7.9       9.4       9.2       7.6       7.4       7.1       6.2
       5.6       5.4       5.5       6.4       7.0       6.6       6.0
       5.6       5.4       5.0       4.6       4.3       4.1       4.7
       5.6       5.7       5.4       5.1       4.6       4.5       5.4
       8.1       8.6       8.5       7.9       7.1       6.1       5.2
       4.8       4.3       3.8       3.6       8.4       5.2       3.6
       3.5       3.9       4.3       4.4       4.4       4.4       4.4
       4.4       4.4       4.4       4.4       4.4       4.4
       7.4       9.9       9.9       7.4       7.0       6.9       6.2
       5.5       5.2       5.7       7.2       7.9       7.2       6.1
       5.6       5.4       4.9       4.4       4.1       3.9       4.8
       5.9       6.3       5.6       5.1       4.6       4.7       6.1
      10.3      10.5       9.4       8.2       7.6       6.3       5.4
       4.9       4.4       3.9       3.7       7.8       5.5       3.7
       3.8       4.1       4.5       4.6       4.6       4.6       4.5
       4.5       4.5       4.5       4.5       4.5       4.5
 0.7753 0.7720 0.7691 0.7690 0.7682 0.7681 0.7672 0.7671 0.7692 0.7687
 0.7628 0.7627 0.7584 0.7544 0.7535 0.7528 0.7530 0.7521 0.7504 0.7511
 0.7477 0.7442 0.7386 0.7367 0.7364 0.7377 0.7354 0.7330 0.7233 0.7152
 0.7082 0.7049 0.7006 0.6953 0.6936 0.6949 0.6937 0.6935 0.6945 0.6797
 0.6789 0.6825 0.6839 0.6821 0.6769 0.6776 0.6780 0.6782 0.6789 0.6779
 0.6763 0.6751 0.6740 0.6729 0.6720
 0.6040 0.5808 0.5742 0.5725 0.5793 0.5741 0.5713 0.5793 0.5878 0.5670
 0.5407 0.5412 0.5392 0.5482 0.5534 0.5377 0.5287 0.5384 0.5346 0.5341
 0.5093 0.4817 0.4492 0.4458 0.4372 0.4418 0.4170 0.4065 0.3792 0.3544
 0.3427 0.3441 0.3473 0.3398 0.3480 0.3589 0.3521 0.3489 0.3552 0.3488
 0.3651 0.3685 0.3701 0.3688 0.3639 0.3645 0.3643 0.3636 0.3632 0.3629
 0.3627 0.3630 0.3641 0.3652 0.3655
 0.4811 0.4557 0.4337 0.4364 0.4515 0.4534 0.4566 0.4615 0.4623 0.4351
 0.4093 0.4101 0.4164 0.4388 0.4401 0.4214 0.4142 0.4270 0.4180 0.4104
 0.3832 0.3450 0.3212 0.3089 0.3059 0.3142 0.2914 0.2672 0.2425 0.2187
 0.2043 0.2089 0.2173 0.2127 0.2213 0.2281 0.2315 0.2220 0.2304 0.2216
 0.2442 0.2558 0.2540 0.2519 0.2454 0.2428 0.2415 0.2409 0.2403 0.2406
 0.2411 0.2411 0.2411 0.2411 0.2411
 0.7221 0.6970 0.7027 0.6982 0.7045 0.6986 0.6901 0.6960 0.7044 0.6839
 0.6664 0.6708 0.6620 0.6606 0.6715 0.6610 0.6480 0.6520 0.6513 0.6582
 0.6354 0.6188 0.5922 0.5934 0.5878 0.5914 0.5619 0.5628 0.5281 0.5045
 0.4915 0.4920 0.4920 0.4830 0.4916 0.5049 0.4916 0.4911 0.4919 0.4869
 0.5005 0.4963 0.5021 0.4943 0.4821 0.4808 0.4814 0.4824 0.4833 0.4842
 0.4849 0.4849 0.4849 0.4849 0.4850
 0.8648 0.8601 0.8580 0.8606 0.8609 0.8686 0.8630 0.8609 0.8626 0.8539
 0.8454 0.8424 0.8410 0.8390 0.8390 0.8329 0.8328 0.8274 0.8266 0.8332
 0.8232 0.8147 0.8093 0.8043 0.7993 0.8045 0.7951 0.7958 0.7724 0.7552
 0.7564 0.7536 0.7474 0.7476 0.7386 0.7384 0.7490 0.7405 0.7479 0.7203
 0.7387 0.7407 0.7328 0.7356 0.7195 0.7222 0.7253 0.7276 0.7302 0.7310
 0.7310 0.7312 0.7314 0.7315 0.7316
 0.9503 0.9496 0.9437 0.9450 0.9487 0.9478 0.9475 0.9449 0.9463 0.9435
 0.9388 0.9400 0.9361 0.9278 0.9318 0.9336 0.9315 0.9336 0.9344 0.9353
 0.9292 0.9260 0.9206 0.9211 0.9191 0.9188 0.9236 0.9177 0.9059 0.8991
 0.8947 0.8977 0.8944 0.8893 0.8906 0.8903 0.8902 0.8933 0.8933 0.8740
 0.8795 0.8895 0.8954 0.8962 0.8814 0.8850 0.8888 0.8919 0.8950 0.8961
 0.8959 0.8957 0.8956 0.8951 0.8948
 0.9424 0.9432 0.9382 0.9385 0.9417 0.9442 0.9420 0.9399 0.9399 0.9400
 0.9361 0.9340 0.9319 0.9218 0.9256 0.9312 0.9269 0.9296 0.9293 0.9272
 0.9193 0.9161 0.9093 0.9115 0.9099 0.9081 0.9156 0.9056 0.8928 0.8869
 0.8818 0.8872 0.8800 0.8731 0.8770 0.8759 0.8774 0.8804 0.8808 0.8591
 0.8655 0.8751 0.8841 0.8826 0.8668 0.8708 0.8750 0.8784 0.8817 0.8830
 0.8829 0.8827 0.8827 0.8824 0.8823
 0.9589 0.9567 0.9498 0.9521 0.9563 0.9515 0.9532 0.9500 0.9525 0.9469
 0.9413 0.9455 0.9397 0.9330 0.9373 0.9357 0.9357 0.9374 0.9390 0.9430
 0.9383 0.9351 0.9310 0.9305 0.9284 0.9302 0.9324 0.9310 0.9202 0.9124
 0.9085 0.9085 0.9092 0.9059 0.9049 0.9054 0.9039 0.9073 0.9064 0.8893
 0.8932 0.9031 0.9061 0.9090 0.8954 0.8989 0.9024 0.9053 0.9083 0.9092
 0.9089 0.9086 0.9085 0.9077 0.9073
 0.9543 0.9544 0.9532 0.9546 0.9513 0.9488 0.9470 0.9460 0.9459 0.9447
 0.9421 0.9378 0.9349 0.9286 0.9237 0.9247 0.9264 0.9271 0.9287 0.9276
 0.9263 0.9224 0.9221 0.9204 0.9215 0.9215 0.9238 0.9238 0.9186 0.9157
 0.9110 0.9083 0.9086 0.9063 0.9041 0.9075 0.9080 0.9102 0.9093 0.8984
 0.8971 0.8982 0.9033 0.9086 0.9017 0.9036 0.9053 0.9066 0.9080 0.9085
 0.9083 0.9081 0.9081 0.9077 0.9075
 0.9595 0.9598 0.9566 0.9572 0.9542 0.9522 0.9498 0.9487 0.9478 0.9491
 0.9450 0.9420 0.9381 0.9294 0.9261 0.9287 0.9314 0.9314 0.9342 0.9334
 0.9302 0.9283 0.9295 0.9285 0.9271 0.9305 0.9311 0.9288 0.9269 0.9236
 0.9169 0.9149 0.9101 0.9103 0.9047 0.9091 0.9101 0.9117 0.9123 0.9083
 0.9042 0.8993 0.9051 0.9101 0.9020 0.9033 0.9046 0.9058 0.9073 0.9079
 0.9081 0.9082 0.9084 0.9079 0.9075
 0.9480 0.9476 0.9488 0.9514 0.9476 0.9444 0.9436 0.9429 0.9438 0.9397
 0.9389 0.9331 0.9313 0.9277 0.9210 0.9204 0.9210 0.9226 0.9232 0.9217
 0.9225 0.9168 0.9151 0.9129 0.9164 0.9130 0.9168 0.9190 0.9105 0.9082
 0.9054 0.9021 0.9072 0.9024 0.9035 0.9057 0.9057 0.9085 0.9059 0.8878
 0.8894 0.8971 0.9015 0.9072 0.9015 0.9040 0.9060 0.9074 0.9088 0.9090
 0.9085 0.9080 0.9078 0.9075 0.9074
 0.9143 0.9129 0.9119 0.9118 0.9107 0.9102 0.9077 0.9091 0.9112 0.9077
 0.9055 0.9075 0.9009 0.8914 0.8886 0.8914 0.8951 0.8923 0.8882 0.8861
 0.8855 0.8850 0.8775 0.8751 0.8773 0.8810 0.8824 0.8805 0.8752 0.8687
 0.8620 0.8611 0.8561 0.8558 0.8590 0.8635 0.8648 0.8700 0.8746 0.8686
 0.8659 0.8714 0.8777 0.8813 0.8767 0.8780 0.8786 0.8792 0.8800 0.8799
 0.8791 0.8783 0.8776 0.8771 0.8769
 0.9337 0.9288 0.9330 0.9330 0.9335 0.9292 0.9285 0.9301 0.9265 0.9229
 0.9225 0.9213 0.9165 0.9101 0.9073 0.9081 0.9084 0.9082 0.9036 0.9021
 0.9024 0.9021 0.8927 0.8935 0.8936 0.8986 0.8987 0.8975 0.8881 0.8856
 0.8815 0.8816 0.8733 0.8757 0.8790 0.8827 0.8834 0.8871 0.8896 0.8871
 0.8858 0.8913 0.8982 0.8955 0.8911 0.8913 0.8919 0.8926 0.8938 0.8942
 0.8939 0.8935 0.8928 0.8923 0.8921
 0.8954 0.8971 0.8905 0.8895 0.8861 0.8891 0.8839 0.8844 0.8926 0.8886
 0.8842 0.8896 0.8809 0.8672 0.8640 0.8692 0.8785 0.8729 0.8697 0.8680
 0.8664 0.8656 0.8599 0.8542 0.8589 0.8612 0.8645 0.8622 0.8615 0.8514
 0.8427 0.8413 0.8398 0.8374 0.8403 0.8451 0.8464 0.8530 0.8598 0.8505
 0.8469 0.8528 0.8583 0.8673 0.8619 0.8636 0.8638 0.8641 0.8647 0.8643
 0.8631 0.8622 0.8617 0.8610 0.8607
 0.7065 0.7025 0.6936 0.6854 0.6795 0.6730 0.6760 0.6703 0.6725 0.6780
 0.6700 0.6704 0.6654 0.6546 0.6598 0.6695 0.6761 0.6812 0.6793 0.6731
 0.6827 0.6925 0.6874 0.6874 0.6927 0.6963 0.6965 0.7040 0.7029 0.7001
 0.6936 0.6995 0.6995 0.6990 0.6981 0.7016 0.7059 0.7125 0.7154 0.7076
 0.7041 0.7102 0.7163 0.7151 0.7177 0.7205 0.7215 0.7225 0.7244 0.7247
 0.7238 0.7234 0.7232 0.7230 0.7234
 0.8122 0.8189 0.8071 0.8021 0.7960 0.7906 0.7974 0.7934 0.7949 0.7991
 0.7913 0.7902 0.7824 0.7692 0.7735 0.7785 0.7866 0.7841 0.7839 0.7706
 0.7727 0.7804 0.7762 0.7759 0.7761 0.7769 0.7777 0.7883 0.7809 0.7850
 0.7824 0.7800 0.7802 0.7677 0.7707 0.7738 0.7804 0.7890 0.7898 0.7805
 0.7793 0.7868 0.7919 0.7924 0.7917 0.7935 0.7939 0.7951 0.7965 0.7970
 0.7973 0.7976 0.7977 0.7971 0.7969
 0.5852 0.5725 0.5696 0.5604 0.5562 0.5488 0.5490 0.5437 0.5485 0.5553
 0.5474 0.5467 0.5406 0.5277 0.5314 0.5427 0.5448 0.5543 0.5483 0.5494
 0.5661 0.5760 0.5716 0.5701 0.5802 0.5864 0.5921 0.5993 0.6089 0.6004
 0.5914 0.6055 0.6047 0.6192 0.6149 0.6198 0.6238 0.6298 0.6362 0.6317
 0.6281 0.6343 0.6425 0.6415 0.6458 0.6475 0.6477 0.6477 0.6501 0.6516
 0.6523 0.6512 0.6497 0.6472 0.6453
 0.6894 0.7064 0.6815 0.6639 0.6765 0.6536 0.6699 0.6526 0.6675 0.6676
 0.6914 0.6775 0.6788 0.6151 0.6544 0.6750 0.6654 0.6573 0.6668 0.6851
 0.6870 0.6534 0.6901 0.6492 0.6556 0.6722 0.6862 0.6789 0.6803 0.6742
 0.6752 0.6878 0.6927 0.6969 0.6908 0.6981 0.6890 0.6955 0.7130 0.6993
 0.6967 0.7091 0.7136 0.7164 0.7179 0.7168 0.7163 0.7129 0.7122 0.7144
 0.7151 0.7134 0.7134 0.7121 0.7109
 0.5102 0.4738 0.4782 0.4786 0.4754 0.4467 0.4772 0.4654 0.4555 0.4646
 0.4402 0.4663 0.4643 0.4331 0.4390 0.4504 0.4775 0.4744 0.4795 0.4903
 0.4813 0.5137 0.4922 0.5078 0.5250 0.5243 0.5173 0.5301 0.5513 0.5464
 0.5319 0.5461 0.5403 0.5622 0.5584 0.5614 0.5769 0.5832 0.5824 0.5840
 0.5789 0.5822 0.5940 0.5943 0.5978 0.6025 0.6038 0.6054 0.6084 0.6073
 0.6067 0.6080 0.6090 0.6069 0.6031
 0.1835 0.1779 0.1741 0.1627 0.1579 0.1597 0.1632 0.1653 0.1662 0.1633
 0.1570 0.1609 0.1557 0.1684 0.1676 0.1686 0.1706 0.1645 0.1693 0.1773
 0.1774 0.1786 0.1857 0.1898 0.1979 0.2034 0.2054 0.2148 0.2193 0.2207
 0.2284 0.2359 0.2348 0.2297 0.2338 0.2397 0.2388 0.2403 0.2472 0.2391
 0.2335 0.2370 0.2315 0.2336 0.2404 0.2449 0.2478 0.2495 0.2517 0.2507
 0.2482 0.2465 0.2440 0.2418 0.2407
 0.2779 0.2695 0.2610 0.2457 0.2444 0.2502 0.2579 0.2582 0.2615 0.2600
 0.2509 0.2597 0.2542 0.2678 0.2696 0.2751 0.2839 0.2797 0.2845 0.3033
 0.3023 0.3224 0.3284 0.3259 0.3357 0.3440 0.3429 0.3558 0.3627 0.3651
 0.3742 0.3711 0.3723 0.3610 0.3677 0.3691 0.3727 0.3757 0.3941 0.3864
 0.3787 0.3874 0.3810 0.3792 0.3896 0.3998 0.4088 0.4162 0.4254 0.4273
 0.4278 0.4310 0.4304 0.4301 0.4332
 0.1251 0.1223 0.1223 0.1138 0.1054 0.1042 0.1054 0.1092 0.1089 0.1073
 0.1046 0.1068 0.1032 0.1172 0.1158 0.1151 0.1163 0.1113 0.1174 0.1204
 0.1213 0.1145 0.1226 0.1283 0.1351 0.1388 0.1403 0.1460 0.1480 0.1469
 0.1538 0.1621 0.1590 0.1568 0.1580 0.1651 0.1651 0.1685 0.1709 0.1634
 0.1590 0.1587 0.1564 0.1607 0.1655 0.1687 0.1712 0.1725 0.1740 0.1745
 0.1743 0.1738 0.1736 0.1731 0.1716
 0.1673 0.1669 0.1700 0.1604 0.1486 0.1487 0.1471 0.1522 0.1540 0.1536
 0.1475 0.1504 0.1476 0.1576 0.1677 0.1729 0.1723 0.1652 0.1740 0.1801
 0.1818 0.1760 0.1877 0.1938 0.2069 0.2162 0.2118 0.2195 0.2255 0.2204
 0.2382 0.2416 0.2317 0.2283 0.2281 0.2376 0.2369 0.2384 0.2409 0.2267
 0.2197 0.2234 0.2238 0.2301 0.2320 0.2341 0.2350 0.2360 0.2385 0.2395
 0.2415 0.2440 0.2455 0.2473 0.2477
 0.1242 0.1088 0.1072 0.1096 0.1034 0.0848 0.0854 0.0970 0.0973 0.1039
 0.0925 0.0865 0.0923 0.1027 0.1102 0.0949 0.1071 0.0884 0.0908 0.1167
 0.1136 0.1048 0.1132 0.1241 0.1298 0.1318 0.1361 0.1352 0.1407 0.1446
 0.1466 0.1595 0.1579 0.1446 0.1473 0.1529 0.1473 0.1499 0.1598 0.1556
 0.1522 0.1482 0.1442 0.1472 0.1627 0.1642 0.1652 0.1669 0.1666 0.1646
 0.1626 0.1603 0.1594 0.1589 0.1579
 0.0638 0.0645 0.0756 0.0622 0.0561 0.0673 0.0469 0.0593 0.0493 0.0401
 0.0543 0.0696 0.0605 0.0742 0.0407 0.0609 0.0567 0.0588 0.0577 0.0711
 0.0735 0.0661 0.0668 0.0728 0.0758 0.0822 0.0000 0.0000 0.0861 0.0846
 0.0843 0.0920 0.0938 0.1000 0.1004 0.1048 0.1074 0.1120 0.1029 0.0976
 0.0928 0.0851 0.0828 0.0858 0.0816 0.0891 0.1011 0.1043 0.1083 0.1162
 0.1196 0.1214 0.1238 0.1246 0.1235
 0.0427 0.0333 0.0251 0.0303 0.0271 0.0299 0.0406 0.0206 0.0322 0.0303
 0.0338 0.0255 0.0116 0.1012 0.0462 0.0299 0.0299 0.0540 0.0479 0.0391
 0.0435 0.0404 0.0372 0.0341 0.0482 0.0393 0.1675 0.1872 0.0530 0.0528
 0.0543 0.0590 0.0602 0.0645 0.0660 0.0680 0.0685 0.0718 0.0698 0.0692
 0.0672 0.0648 0.0655 0.0689 0.0684 0.0759 0.0835 0.0887 0.0933 0.0927
 0.0895 0.0899 0.0903 0.0892 0.0893
 0.5220 0.5273 0.5300 0.5368 0.5456 0.5540 0.5608 0.5668 0.5749 0.5762
 0.5748 0.5792 0.5800 0.5888 0.5902 0.5935 0.5988 0.5993 0.6012 0.6002
 0.5988 0.5970 0.5958 0.5924 0.5933 0.5944 0.5939 0.5955 0.5928 0.5871
 0.5819 0.5776 0.5729 0.5705 0.5675 0.5687 0.5711 0.5715 0.5750 0.5628
 0.5617 0.5686 0.5740 0.5765 0.5721 0.5722 0.5722 0.5723 0.5726 0.5722
 0.5713 0.5707 0.5702 0.5696 0.5693
 0.5206 0.5163 0.5095 0.5197 0.5223 0.5308 0.5340 0.5373 0.5408 0.5168
 0.5008 0.4916 0.4981 0.5141 0.5232 0.5146 0.5110 0.5238 0.5116 0.5134
 0.4916 0.4751 0.4494 0.4389 0.4431 0.4375 0.4163 0.4032 0.3773 0.3516
 0.3466 0.3474 0.3484 0.3465 0.3450 0.3525 0.3596 0.3615 0.3584 0.3521
 0.3671 0.3730 0.3750 0.3755 0.3736 0.3712 0.3676 0.3640 0.3606 0.3592
 0.3591 0.3594 0.3607 0.3619 0.3621
 0.4247 0.4104 0.3996 0.4120 0.4210 0.4369 0.4456 0.4404 0.4447 0.4164
 0.3985 0.3908 0.3911 0.4264 0.4311 0.4296 0.4100 0.4193 0.4105 0.4089
 0.3882 0.3636 0.3455 0.3329 0.3388 0.3346 0.3101 0.2916 0.2558 0.2303
 0.2254 0.2304 0.2360 0.2310 0.2282 0.2450 0.2626 0.2578 0.2425 0.2543
 0.2685 0.2840 0.2775 0.2770 0.2721 0.2647 0.2578 0.2526 0.2475 0.2461
 0.2465 0.2468 0.2470 0.2472 0.2474
 0.6116 0.6143 0.6094 0.6198 0.6193 0.6247 0.6244 0.6309 0.6267 0.6045
 0.5963 0.5892 0.6037 0.6026 0.6174 0.6015 0.6141 0.6279 0.6112 0.6153
 0.5940 0.5876 0.5654 0.5596 0.5613 0.5600 0.5434 0.5318 0.5107 0.4874
 0.4760 0.4742 0.4775 0.4795 0.4763 0.4804 0.4739 0.4782 0.4859 0.4622
 0.4780 0.4764 0.4896 0.4855 0.4742 0.4725 0.4716 0.4713 0.4708 0.4710
 0.4716 0.4715 0.4716 0.4716 0.4716
 0.6986 0.7008 0.7016 0.7069 0.7209 0.7264 0.7327 0.7297 0.7265 0.7155
 0.7035 0.7112 0.7114 0.7126 0.7056 0.7154 0.7291 0.7321 0.7345 0.7325
 0.7298 0.7235 0.7098 0.7070 0.7030 0.6967 0.7038 0.7019 0.6985 0.6850
 0.6799 0.6761 0.6773 0.6794 0.6850 0.6820 0.6873 0.6918 0.7056 0.6778
 0.6879 0.6891 0.7030 0.7002 0.6805 0.6799 0.6800 0.6804 0.6808 0.6811
 0.6812 0.6813 0.6814 0.6813 0.6813
 0.6683 0.6807 0.6907 0.6988 0.7098 0.7175 0.7253 0.7285 0.7362 0.7358
 0.7320 0.7399 0.7351 0.7408 0.7503 0.7532 0.7613 0.7640 0.7647 0.7618
 0.7564 0.7521 0.7419 0.7369 0.7403 0.7451 0.7461 0.7529 0.7512 0.7480
 0.7399 0.7418 0.7360 0.7396 0.7349 0.7459 0.7559 0.7601 0.7677 0.7579
 0.7629 0.7773 0.7828 0.7825 0.7675 0.7692 0.7711 0.7726 0.7743 0.7748
 0.7748 0.7748 0.7747 0.7741 0.7734
 0.6770 0.6914 0.6996 0.7054 0.7152 0.7246 0.7342 0.7373 0.7409 0.7374
 0.7335 0.7426 0.7368 0.7445 0.7496 0.7595 0.7743 0.7741 0.7701 0.7685
 0.7587 0.7578 0.7450 0.7327 0.7412 0.7534 0.7499 0.7600 0.7537 0.7570
 0.7451 0.7455 0.7379 0.7428 0.7396 0.7549 0.7654 0.7701 0.7791 0.7687
 0.7696 0.7834 0.7804 0.7806 0.7669 0.7715 0.7764 0.7802 0.7840 0.7854
 0.7856 0.7859 0.7861 0.7858 0.7853
 0.6590 0.6691 0.6809 0.6916 0.7040 0.7100 0.7161 0.7197 0.7316 0.7343
 0.7306 0.7374 0.7336 0.7377 0.7509 0.7476 0.7494 0.7545 0.7596 0.7556
 0.7542 0.7470 0.7392 0.7409 0.7395 0.7365 0.7421 0.7452 0.7485 0.7385
 0.7345 0.7381 0.7342 0.7364 0.7300 0.7366 0.7459 0.7495 0.7558 0.7469
 0.7563 0.7715 0.7850 0.7842 0.7680 0.7670 0.7659 0.7651 0.7646 0.7643
 0.7641 0.7637 0.7633 0.7625 0.7617
 0.6685 0.6798 0.6872 0.7016 0.7179 0.7314 0.7453 0.7519 0.7603 0.7644
 0.7659 0.7677 0.7661 0.7712 0.7723 0.7758 0.7779 0.7712 0.7726 0.7726
 0.7714 0.7648 0.7604 0.7568 0.7579 0.7591 0.7555 0.7619 0.7593 0.7523
 0.7473 0.7484 0.7406 0.7418 0.7432 0.7459 0.7500 0.7514 0.7576 0.7503
 0.7468 0.7630 0.7748 0.7883 0.7811 0.7772 0.7738 0.7713 0.7690 0.7676
 0.7665 0.7655 0.7645 0.7633 0.7622
 0.6638 0.6745 0.6826 0.7022 0.7172 0.7308 0.7401 0.7460 0.7504 0.7552
 0.7562 0.7559 0.7539 0.7603 0.7639 0.7659 0.7670 0.7565 0.7627 0.7577
 0.7615 0.7535 0.7453 0.7451 0.7467 0.7460 0.7403 0.7524 0.7503 0.7421
 0.7376 0.7372 0.7384 0.7367 0.7365 0.7417 0.7436 0.7471 0.7538 0.7437
 0.7404 0.7608 0.7764 0.7893 0.7813 0.7765 0.7722 0.7690 0.7658 0.7639
 0.7627 0.7614 0.7602 0.7588 0.7577
 0.6741 0.6863 0.6929 0.7008 0.7186 0.7322 0.7515 0.7590 0.7716 0.7748
 0.7765 0.7808 0.7797 0.7834 0.7815 0.7865 0.7894 0.7863 0.7827 0.7875
 0.7811 0.7755 0.7744 0.7674 0.7681 0.7712 0.7700 0.7711 0.7681 0.7620
 0.7564 0.7587 0.7427 0.7468 0.7499 0.7502 0.7569 0.7561 0.7617 0.7573
 0.7535 0.7652 0.7732 0.7872 0.7810 0.7780 0.7755 0.7738 0.7723 0.7713
 0.7703 0.7695 0.7687 0.7677 0.7666
 0.6110 0.6160 0.6192 0.6286 0.6440 0.6594 0.6712 0.6896 0.7048 0.7121
 0.7197 0.7264 0.7350 0.7457 0.7440 0.7538 0.7604 0.7618 0.7669 0.7680
 0.7643 0.7600 0.7677 0.7647 0.7598 0.7602 0.7601 0.7608 0.7603 0.7575
 0.7539 0.7467 0.7414 0.7384 0.7345 0.7393 0.7448 0.7487 0.7570 0.7468
 0.7505 0.7525 0.7651 0.7704 0.7676 0.7708 0.7734 0.7757 0.7775 0.7779
 0.7773 0.7774 0.7774 0.7771 0.7772
 0.6422 0.6528 0.6535 0.6625 0.6778 0.6954 0.7065 0.7253 0.7434 0.7473
 0.7537 0.7576 0.7643 0.7765 0.7725 0.7805 0.7810 0.7882 0.7895 0.7914
 0.7847 0.7779 0.7857 0.7824 0.7771 0.7721 0.7723 0.7723 0.7730 0.7686
 0.7647 0.7566 0.7532 0.7492 0.7453 0.7542 0.7581 0.7621 0.7730 0.7602
 0.7623 0.7621 0.7791 0.7811 0.7731 0.7737 0.7744 0.7751 0.7760 0.7761
 0.7754 0.7748 0.7744 0.7740 0.7737
 0.5814 0.5804 0.5851 0.5938 0.6083 0.6203 0.6317 0.6481 0.6591 0.6688
 0.6778 0.6867 0.6980 0.7067 0.7075 0.7186 0.7350 0.7300 0.7403 0.7415
 0.7413 0.7398 0.7472 0.7448 0.7404 0.7472 0.7470 0.7486 0.7470 0.7462
 0.7432 0.7373 0.7304 0.7285 0.7246 0.7253 0.7319 0.7355 0.7410 0.7338
 0.7394 0.7435 0.7518 0.7598 0.7620 0.7677 0.7724 0.7764 0.7791 0.7798
 0.7794 0.7801 0.7805 0.7804 0.7809
 0.4136 0.4180 0.4150 0.4173 0.4198 0.4231 0.4268 0.4347 0.4507 0.4523
 0.4519 0.4650 0.4719 0.4887 0.4923 0.4960 0.5090 0.5119 0.5147 0.5188
 0.5317 0.5516 0.5663 0.5635 0.5705 0.5820 0.5835 0.5914 0.5996 0.6020
 0.5952 0.5945 0.5920 0.5880 0.5849 0.5843 0.5890 0.5912 0.5960 0.5905
 0.5916 0.5956 0.6023 0.6027 0.6068 0.6167 0.6244 0.6308 0.6390 0.6448
 0.6478 0.6499 0.6515 0.6542 0.6575
 0.4928 0.4963 0.4878 0.4984 0.5032 0.5134 0.5217 0.5329 0.5479 0.5529
 0.5567 0.5677 0.5709 0.5918 0.5949 0.5980 0.6073 0.6128 0.6183 0.6137
 0.6170 0.6381 0.6546 0.6496 0.6562 0.6672 0.6665 0.6774 0.6845 0.6843
 0.6775 0.6731 0.6720 0.6639 0.6631 0.6594 0.6621 0.6614 0.6711 0.6656
 0.6677 0.6764 0.6842 0.6857 0.6885 0.6983 0.7050 0.7098 0.7186 0.7245
 0.7278 0.7302 0.7318 0.7312 0.7317
 0.3260 0.3337 0.3383 0.3339 0.3344 0.3321 0.3318 0.3384 0.3562 0.3550
 0.3505 0.3642 0.3700 0.3781 0.3801 0.3815 0.3951 0.3913 0.3882 0.4022
 0.4248 0.4407 0.4533 0.4539 0.4580 0.4695 0.4794 0.4871 0.4987 0.5072
 0.5028 0.5038 0.4998 0.5019 0.4977 0.5014 0.5104 0.5179 0.5184 0.5147
 0.5167 0.5174 0.5245 0.5253 0.5296 0.5373 0.5444 0.5508 0.5583 0.5650
 0.5703 0.5722 0.5727 0.5763 0.5799
 0.4078 0.3940 0.3985 0.4175 0.4168 0.3861 0.4060 0.4135 0.4519 0.4324
 0.4383 0.4697 0.4524 0.4629 0.4807 0.4800 0.4762 0.4852 0.4480 0.4992
 0.4955 0.5208 0.5316 0.5395 0.5377 0.5455 0.5578 0.5653 0.5751 0.5798
 0.5843 0.5919 0.5655 0.5765 0.5618 0.5698 0.5786 0.5870 0.5835 0.5803
 0.5748 0.5795 0.5968 0.5963 0.5966 0.6093 0.6200 0.6267 0.6336 0.6385
 0.6445 0.6445 0.6417 0.6496 0.6549
 0.2943 0.2870 0.2950 0.2896 0.2832 0.2958 0.2814 0.2828 0.2905 0.3053
 0.2931 0.3038 0.3208 0.3305 0.3212 0.3371 0.3507 0.3463 0.3538 0.3536
 0.3738 0.3882 0.3816 0.3865 0.3995 0.4153 0.4183 0.4198 0.4396 0.4531
 0.4468 0.4410 0.4521 0.4475 0.4519 0.4527 0.4615 0.4688 0.4732 0.4702
 0.4759 0.4753 0.4755 0.4765 0.4856 0.4912 0.4969 0.5025 0.5087 0.5138
 0.5173 0.5223 0.5287 0.5306 0.5318
 0.0801 0.0789 0.0782 0.0752 0.0727 0.0742 0.0741 0.0790 0.0834 0.0862
 0.0853 0.0828 0.0815 0.0917 0.0883 0.0858 0.0858 0.0863 0.0894 0.0938
 0.0958 0.0984 0.1063 0.1109 0.1152 0.1171 0.1263 0.1327 0.1361 0.1375
 0.1403 0.1443 0.1490 0.1509 0.1534 0.1553 0.1565 0.1593 0.1644 0.1578
 0.1519 0.1546 0.1596 0.1643 0.1706 0.1738 0.1767 0.1793 0.1816 0.1825
 0.1821 0.1818 0.1814 0.1813 0.1819
 0.1486 0.1490 0.1474 0.1417 0.1350 0.1433 0.1430 0.1539 0.1634 0.1698
 0.1695 0.1622 0.1608 0.1795 0.1755 0.1718 0.1760 0.1784 0.1839 0.1952
 0.1999 0.2075 0.2268 0.2334 0.2374 0.2421 0.2567 0.2644 0.2663 0.2697
 0.2735 0.2760 0.2760 0.2750 0.2792 0.2800 0.2793 0.2889 0.2982 0.2801
 0.2770 0.2841 0.2906 0.2953 0.3028 0.3071 0.3129 0.3203 0.3284 0.3349
 0.3407 0.3461 0.3511 0.3559 0.3612
 0.0461 0.0449 0.0455 0.0442 0.0429 0.0413 0.0412 0.0437 0.0455 0.0474
 0.0474 0.0483 0.0475 0.0549 0.0529 0.0518 0.0508 0.0517 0.0550 0.0576
 0.0586 0.0599 0.0639 0.0674 0.0708 0.0709 0.0765 0.0806 0.0834 0.0832
 0.0837 0.0847 0.0907 0.0925 0.0917 0.0934 0.0977 0.0989 0.1031 0.1018
 0.0947 0.0947 0.1008 0.1057 0.1118 0.1157 0.1191 0.1214 0.1231 0.1238
 0.1238 0.1240 0.1243 0.1245 0.1247
 0.0739 0.0708 0.0737 0.0740 0.0758 0.0691 0.0681 0.0756 0.0787 0.0818
 0.0798 0.0815 0.0791 0.0874 0.0926 0.0878 0.0894 0.0930 0.0963 0.1002
 0.1091 0.1114 0.1117 0.1201 0.1281 0.1313 0.1396 0.1430 0.1500 0.1466
 0.1459 0.1545 0.1582 0.1557 0.1494 0.1522 0.1619 0.1581 0.1607 0.1564
 0.1429 0.1495 0.1639 0.1678 0.1676 0.1732 0.1785 0.1824 0.1850 0.1859
 0.1870 0.1890 0.1918 0.1954 0.1987
 0.0455 0.0376 0.0363 0.0341 0.0307 0.0330 0.0384 0.0420 0.0367 0.0344
 0.0499 0.0455 0.0332 0.0443 0.0575 0.0529 0.0415 0.0505 0.0529 0.0599
 0.0512 0.0586 0.0542 0.0630 0.0688 0.0702 0.0780 0.0791 0.0806 0.0822
 0.0838 0.0792 0.0818 0.0890 0.0909 0.0954 0.0881 0.0922 0.0993 0.1007
 0.0960 0.0902 0.0937 0.1022 0.1172 0.1170 0.1192 0.1203 0.1203 0.1208
 0.1193 0.1179 0.1165 0.1146 0.1137
 0.0179 0.0184 0.0227 0.0192 0.0140 0.0151 0.0195 0.0232 0.0203 0.0292
 0.0248 0.0227 0.0183 0.0252 0.0168 0.0198 0.0206 0.0261 0.0245 0.0300
 0.0199 0.0213 0.0306 0.0321 0.0326 0.0297 0.0000 0.0000 0.0459 0.0453
 0.0451 0.0420 0.0518 0.0527 0.0541 0.0485 0.0536 0.0558 0.0575 0.0530
 0.0487 0.0416 0.0434 0.0443 0.0488 0.0552 0.0602 0.0642 0.0693 0.0729
 0.0763 0.0804 0.0832 0.0850 0.0861
 0.0120 0.0123 0.0078 0.0073 0.0071 0.0079 0.0088 0.0171 0.0125 0.0134
 0.0084 0.0039 0.0062 0.0374 0.0058 0.0125 0.0152 0.0167 0.0094 0.0089
 0.0156 0.0172 0.0189 0.0205 0.0217 0.0139 0.0584 0.0716 0.0242 0.0240
 0.0243 0.0220 0.0270 0.0279 0.0282 0.0269 0.0300 0.0320 0.0344 0.0346
 0.0315 0.0283 0.0312 0.0332 0.0369 0.0421 0.0473 0.0506 0.0533 0.0540
 0.0537 0.0542 0.0542 0.0544 0.0553
 112949 111445 112525 116888 120438 122932 125969 129763 132010 133005
 132418 133344 135539 138533 140800 143251 146101 149077 151805 154707
 155129 154563 154789 156582 159035 161572 163331 162693 157684 157054
 158591 160743 163056 165416 168123 170614 172692 175102 177024 175244
 176995 181099 182689 183936 185251 186304 187125 187903 188738 189406
 189958 190509 190994 191387 191744
   110815   112423   113714   115751   117700   120090   122110   123895
   126059   128023   128469   130064   131002   132768   133939   135509
   137812   139169   140837   144041   145241   146411   148175   149061
   150931   152995   154698   155919   155836   155534   155250   156553
   156939   157416   158576   160608   161731   163501   164959   162148
   162588   165633   168436   169541   171728   173318   174622   175801
   177050   177953   178670   179411   180105   180700   181262
  11.875  12.125  12.875  12.500  13.500  13.000  13.250  14.000  14.875  15.250  14.250  12.500
  13.500  13.750  13.625  13.625  13.250  13.250  13.875  13.250  12.250  11.625  10.625  10.750
  10.500  10.875  10.375  10.625  10.250  10.750  10.875  11.750  11.875  11.375  11.625  11.500
  11.750  11.500  11.875  12.375  12.625  13.750  13.750  12.875  12.750  12.375  11.625  11.500
  11.500  11.125  11.875  11.625  11.375  10.375  10.250  10.625  10.375  10.375  10.125   9.750
   9.125   9.250   8.375   7.625   7.625   8.375   7.750   7.750   7.250   7.750   7.625   7.375
   7.500   7.375   7.375   7.625   8.375   8.625   8.500   8.750   9.000   9.625   9.000   9.000
   8.875   8.250   8.125   8.625   8.875   9.250   8.875   9.125   9.250   8.875   8.625   9.125
   9.250   9.000   9.375   9.375   9.125   8.750   8.250   7.875   8.375   8.500   8.000   8.000
   8.125   8.500   8.625   8.750   9.125   8.750   8.500   8.375   8.875   8.875   8.625   8.375
   8.125   8.125   8.125   8.125   8.125   8.125   8.250   8.250   7.875   7.500   7.500   7.375
   6.875   7.250   7.375   7.625   7.625   7.375   7.125   6.750   6.625   6.500   6.875   7.000
   6.875   6.500   6.250   6.250   6.125   6.250   5.875   5.875   5.625   5.625   5.625   5.875
   6.000   5.750   6.250   6.875   7.125   7.250   7.375   7.125   7.250   7.750   7.875   8.000
   8.000   7.750   7.375   7.375   7.250   6.500   6.500   6.625   6.500   6.375   6.250   6.000
   5.875   5.875   6.375   6.625   6.875   7.000   6.875   6.875   7.125   6.875   6.500   6.250
   6.625   6.625   6.750   7.125   6.875   6.875   6.750   6.250   6.625   6.375   6.125   6.125
   6.000   5.750   5.875   6.000   6.000   5.875   5.750   5.750   5.375   4.875   5.125   5.125
   5.000   5.000   5.625   5.625   5.625   6.000   6.125   6.250   6.250   6.250   6.250   6.375
   6.625   6.750   6.500   6.250   6.375   6.500   6.250   6.125   6.000   6.000   5.875   5.625
   5.375   5.375   5.250   5.250   5.500   5.625   5.625   5.250   5.125   4.875   4.500   5.000
   5.250   5.250   5.125   5.625   5.250   5.250   5.000   4.750   4.375   3.875   4.125   4.500
   4.000   4.125   3.875   4.000   4.000   3.500   3.625   4.500   4.500   4.000   4.375   4.375
   4.250   4.125   4.000   3.875   4.500   4.625   4.625   4.500   4.125   4.125   4.125   4.375
   4.250   4.125   4.375   4.500   4.250   4.125   4.000   4.375   4.125   4.375   4.625   4.625
   4.500   4.625   4.625   5.000   5.125   5.125   5.250   5.000   4.750   4.750   4.625   4.500
   4.750   4.875   4.625   4.750   4.625   5.000   5.000   4.750   4.500   4.500   4.500   4.000
   4.000   3.500   3.375   3.375   3.750   4.000   3.875   3.875   3.750   3.625   3.750   2.750
   2.125   2.750   2.875   2.500   2.875   3.250   3.250   3.250   3.125   3.000   3.125   2.875
   3.500   3.125   3.125   3.375   3.250   2.875   2.625   2.500   2.125   2.125   2.125   2.375
   2.875   2.875   3.000   3.000   2.875   2.500   2.625   2.250   1.875   1.625   1.750   1.750
   1.500   1.500   1.625   1.875   1.625   1.375   1.375   1.250   1.250   1.375   1.375   1.375
   1.500   1.625   1.500   1.500   1.375   1.750   2.125   2.125   2.375   2.250   2.125   2.250
   2.500   2.250   2.250   2.375   2.375   2.250   2.250   2.375   2.125   2.375   2.125   2.000
   2.125   1.625   1.875   1.875   2.000   2.000   2.250   2.125   2.125   2.000   2.125   2.125
   2.250   1.875   1.750   1.750   1.750   1.875   1.500   1.500   1.625   1.625   1.875   2.375
   2.375   2.375   2.375   2.375   2.250   2.250   2.250   2.250   2.250   2.250   2.375   2.375
   2.375   2.750   2.875   2.750   2.875   2.875   2.875   3.000   2.875   3.000   3.125   3.000
   2.750   2.625   2.750   2.500   2.500   2.250   2.125   2.125   1.625   1.750   1.750   1.875
   2.000   1.625   1.250   0.875   0.750   0.750   0.750   0.625   0.750   0.750   0.875   0.875
   0.875   1.125   1.375   1.625   1.500   1.500   1.500   1.250   1.375   1.500   1.625   1.500
   1.625   1.875   2.000   2.500   3.000   3.000   3.125   2.875   3.375   4.000   4.250   3.875
   4.000   3.625   4.125   3.625   3.625   3.875   4.000   4.125   4.250   4.750   5.000   4.500
   4.000   4.125   4.375   4.250   4.750   4.625   4.500   4.125   4.000   3.875   4.375   4.250
   4.250   4.250   4.125   4.250   4.125   4.250   4.125   4.250   4.125   4.125   4.125   4.125
   4.125   4.125   4.125   4.125   4.125   4.125   4.125   4.125   4.125   4.125   4.125   4.125
   4.125   4.125   4.125   4.125   4.125   4.125   4.125   4.125   4.125   4.125   4.125   4.125
   4.125   4.125   4.125   4.125   4.125   4.125   4.125   4.125   4.125   4.125   4.125   4.125
   4.125   4.125   4.125   4.125   4.125   4.125   4.125   4.125   4.125   4.125   4.125   4.125
   4.125   4.125   4.125   4.125   4.125   4.125   4.125   4.125   4.125   4.125   4.125   4.125
   4.125   4.125   4.125   4.125   4.125   4.125   4.125   4.125   4.125   4.125   4.125   4.125
   4.125   4.125   4.125   4.125   4.125   4.125   4.125   4.125   4.125   4.125   4.125   4.125
   4.125   4.125   4.125   4.125   4.125   4.125   4.125   4.125   4.125   4.125   4.125   4.125
   4.125   4.125   4.125   4.125   4.125   4.125   4.125   4.125   4.125   4.125   4.250   4.125
   4.250   4.125   4.250   4.250   4.250   4.250   4.250   4.250   4.250   4.250   4.375   4.250
