                Table V.B2.--Additional Economic Factors
                                                               Average annual
                        Annual percentage change in             interest rate
    
                  Average
                   annual
      Calendar  unemploy-     Labor       Total      Real
          Year  ment rate     force  Employment       GDP   Nominal      Real
    
  Intermediate:
      2025            4.4       1.3         0.9       2.3       4.2       1.8
      2026            4.5       0.9         0.8       2.1       4.1       1.7
      2027            4.5       0.8         0.7       2.0       4.1       1.7
      2028            4.5       0.7         0.7       2.1       4.1       1.7
      2029            4.5       0.7         0.7       2.1       4.1       1.7
      2030            4.5       0.5         0.5       2.0       4.1       1.7
      2031            4.5       0.4         0.4       2.0       4.1       1.7
      2032            4.5       0.4         0.4       2.0       4.1       1.7
      2033            4.5       0.4         0.4       2.0       4.1       1.7
      2034            4.5       0.3         0.3       1.9       4.1       1.7
    
      2035            4.5       0.3         0.3       1.9       4.3       1.7
      2040            4.5       0.3         0.3       1.9       4.6       2.2
      2045            4.5       0.3         0.3       1.8       4.7       2.3
      2050            4.5       0.3         0.3       1.8       4.7       2.3
      2055            4.5       0.3         0.3       1.9       4.7       2.3
      2060            4.5       0.3         0.3       1.9       4.7       2.3
      2065            4.5       0.3         0.3       1.8       4.7       2.3
      2070            4.5       0.2         0.2       1.8       4.7       2.3
      2075            4.5       0.2         0.2       1.8       4.7       2.3
      2080            4.5       0.3         0.3       1.8       4.7       2.3
      2085            4.5       0.3         0.3       1.9       4.7       2.3
      2090            4.5       0.4         0.4       1.9       4.7       2.3
      2095            4.5       0.4         0.4       1.9       4.7       2.3
      2100            4.5       0.3         0.3       1.9       4.7       2.3
      2105            4.5       0.3         0.3       1.9       4.7       2.3
    
