              Table V.B2.--Additional Economic Factors
              ----------------------------------------       Average annual
                      Annual percentage change in--           interest rate
              -----------------------------------------   -----------------
                Average
                 annual
    Calendar  unemploy-     Labor       Total      Real
        Year  ment rate     force  Employment       GDP   Nominal      Real
---------------------------------------------------------------------------
Historical data:
    1960            5.5       1.9         1.7       2.6       2.9       0.9
    1961            6.7       1.1         0.0       2.6       3.8       1.9
    1962            5.6       0.2         1.8       6.1       3.9       2.8
    1963            5.6       1.7         1.4       4.4       3.9       2.5
    1964            5.2       1.8         2.2       5.8       4.1       2.6
    1965            4.5       1.8         2.4       6.5       4.2       2.5
    1966            3.8       1.8         3.0       6.6       4.9       1.4
    1967            3.8       2.1         2.4       2.7       5.0       1.9
    1968            3.6       1.8         2.1       4.9       5.5       0.8
    1969            3.5       2.5         2.4       3.1       6.6       0.1
    1970            5.0       2.6         0.6       0.2       7.3       1.0
    1971            6.0       1.9         0.4       3.3       6.0       2.9
    1972            5.6       3.1         2.9       5.3       5.9       2.5
    1973            4.9       2.8         3.3       5.6       6.6      -0.2
    1974            5.6       2.9         1.9      -0.5       7.5      -3.8
    1975            8.5       2.0        -1.1      -0.2       7.4      -1.3
    1976            7.7       2.5         3.3       5.4       7.1       1.7
    1977            7.1       2.9         3.6       4.6       7.1       0.8
    1978            6.1       3.3         4.3       5.5       8.2      -0.5
    1979            5.9       2.7         2.8       3.2       9.1      -2.8
    1980            7.2       1.9         0.5      -0.3      11.0      -3.6
    1981            7.6       1.6         1.1       2.5      13.3       1.0
    1982            9.7       1.4        -0.8      -1.8      12.8       7.3
    1983            9.6       1.2         1.3       4.6      11.0       9.9
    1984            7.5       1.8         4.1       7.2      12.4       7.6
    1985            7.2       1.7         2.0       4.2      10.8       9.0
    1986            7.0       2.1         2.2       3.5       8.0       9.3
    1987            6.2       1.7         2.5       3.5       8.4       4.4
    1988            5.5       1.5         2.2       4.2       8.8       4.4
    1989            5.3       1.8         2.0       3.7       8.7       4.0
    1990            5.6       1.6         1.2       1.9       8.6       3.4
    1991            6.9       0.4        -0.9      -0.1       8.0       4.5
    1992            7.5       1.4         0.5       3.5       7.1       5.1
    1993            6.9       0.8         1.3       2.8       6.1       4.3
    1994            6.1       1.4         2.2       4.0       7.1       3.6
    1995            5.6       1.0         1.4       2.7       6.9       4.2
    1996            5.4       1.2         1.4       3.8       6.6       4.0
    1997            4.9       1.8         2.2       4.4       6.6       4.3
    1998            4.5       1.0         1.4       4.5       5.6       5.3
    1999            4.2       1.2         1.5       4.8       5.9       3.4
    2000            4.0       2.3         2.5       4.1       6.2       2.4
    2001            4.7       0.8         0.0       1.0       5.2       3.5
    2002            5.8       0.8        -0.3       1.7       4.9       3.9
    2003            6.0       1.1         1.0       2.8       4.1       2.6
    2004            5.5       0.6         1.1       3.8       4.3       1.5
    2005            5.1       1.3         1.7       3.5       4.3       0.8
    2006            4.6       1.4         1.8       2.8       4.8       1.1
    2007            4.6       1.1         1.1       2.0       4.7       1.9
    2008            5.8       0.8        -0.4       0.1       3.6       0.6
    2009            9.3      -0.1        -3.7      -2.6       2.9       4.4
    2010            9.6      -0.2        -0.6       2.7       2.8       0.9
    2011            8.9      -0.2         0.6       1.6       2.4      -0.7
    2012            8.1       0.9         1.8       2.3       1.5       0.3
    2013            7.4       0.3         1.0       2.1       1.9       0.1
    2014            6.2       0.3         1.6       2.5       2.3       0.4
    2015            5.3       0.8         1.7       2.9       2.0       2.7
    2016            4.9       1.3         1.7       1.8       1.8       1.0
    2017            4.4       0.7         1.2       2.5       2.3      -0.3
    2018            3.9       1.1         1.6       3.0       2.9      -0.2
    2019            3.7       0.9         1.1       2.6       2.2       1.2
    2020            8.1      -1.7        -6.2      -2.2       1.0       1.0
    2021            5.4       0.3         3.2       6.1       1.4      -4.1
    2022            3.6       1.9         3.7       2.5       3.0      -6.5
    2023            3.6       1.7         1.7       2.9       4.1      -0.8
    2024            4.1       0.7         0.3       2.8       4.3       1.3
---------------------------------------------------------------------------
